1909 360 2995 1446
5810 7091 7789 9070
5407 422 7031 2046
5767 3140 6659 4032
6659 3234 7534 4109
4206 1620 5356 2770
7853 9492 8361 10000
7875 432 10000 2557
9048 5059 10000 6011
7292 9070 7853 9631
7633 2496 7875 2738
421 4835 3546 7960
7164 4109 7823 4768
5356 2271 6225 3140
5261 577 5407 723
3546 5225 4497 6176
4667 3386 5767 4486
5596 7896 5810 8110
2518 9813 2705 10000
9002 3913 10000 4911
8574 8947 9627 10000
3118 1773 4206 2861
7140 4388 7164 4412
8544 8196 8575 8227
8577 4337 9002 4762
3155 9168 3987 10000
7823 4404 8577 5158
9451 110 9773 432
7031 1389 7875 2233
1841 2337 3096 3592
76 8364 1712 10000
3543 3931 4447 4835
3927 8828 4267 9168
5671 3305 5752 3386
5542 4587 7164 6209
4030 7732 5126 8828
8575 8200 9322 8947
1139 3739 2235 4835
50 7415 421 7786
934 4056 1139 4261
8801 7178 9823 8200
4499 6207 5542 7250
3096 3375 3652 3931
5252 3281 5357 3386
2247 1446 3118 2317
3347 8501 3927 9081
5791 8600 5810 8619
8033 8992 8533 9492
2297 9254 2856 9813
4312 6176 4499 6363
